15
15
2

0,0,0,0,1,1,0,0,0,0,1,0,0,0,0
0,0,0,1,1,1,1,0,1,1,1,0,0,0,0
0,0,0,1,1,1,1,0,1,1,1,0,0,0,0
1,1,0,1,1,1,1,0,1,1,1,0,0,0,0
1,1,0,1,1,1,1,1,1,1,1,0,0,0,0
1,1,0,1,1,1,1,1,1,0,1,0,0,0,0
1,1,1,1,1,1,1,0,0,0,1,0,0,0,0
0,1,1,1,1,1,1,0,0,0,1,0,0,0,0
0,0,0,1,1,1,1,0,0,0,1,0,0,0,0
0,0,0,1,1,1,1,0,0,0,1,0,0,0,0
0,0,0,0,1,1,0,0,0,0,1,0,0,0,0
0,0,0,0,1,1,0,0,0,0,1,0,0,0,0
0,0,0,0,1,1,0,0,0,0,1,0,0,0,0
0,0,0,0,1,1,0,0,0,0,1,0,0,0,0
0,0,0,0,1,1,0,0,0,0,1,0,0,0,0

4
5
2
9
15
15
9
2
5
4
15
0
0
0
0

2,1
4,3
4,3
2,4,3
2,8
2,6,1
7,1
6,1
4,1
4,1
2,1
2,1
2,1
2,1
2,1